bachis:J. S. Bach's Inventions and Sinfonias:40,58,70,67,55,159,73,61,171,62,71,174,59,72,68,142,140,143,172,204,173,175,176,199,205,200,144,206,213,145
bacheng:J. S. Bach's English Suites:85,86,82,83,84
bachfr:J. S. Bach's French Suites:100,99
bachlute:J. S. Bach's Lute Suite (BWV 997):50,51,52,53,54
bachorgel:J. S. Bach's Orgelbüchlein:713,769,770,771,725,772,773,704,850,729,953,705,706,1081,1083,1084,849,1088,1089,1100,723,697,1131,735,1000,1132,1133,718,999,1134,1158,1159,698,707,708,714,775,709,756,997,774,710
bachwtk:J. S. Bach's Wohltemperierte Clavier:5,4,550,561,569,562,596,538,988,563,597,545,546,963,964,604,605,806,805,1045,670,807,209,316,9,974
bachcello: J. S. Bach's Solo 'Cello Suites:517,2,518
beetson:Beethoven's Piano Sonatas:778,779,992,993,994,299,295,296,276,912,913,776,777,288,937,1137,955,956,957,906,909,1022
gimo:The Gimo Music Collection:317,318,319,320,321,322,323,324,325,326,327,328,329,330,331,190,332,333,334
haystrq:Haydn's String Quartets (Opus 76):383,384,385,386,387,388
horetzairs:60 National Airs of Different Nations, by F. Horetzky:1090,1091,1092,1093,1094,1095,1096,1097,1098,1099,1101,1102,1103,1104,1105,1106,1107,1108,1109,1110,1111,1112,1113,1114,1115,1116,1117,1118,1119,1120,1121,1122,1123,1124,1125,1126,1127,1128,1129,1130,1138,1139,1140,1141,1142,1143,1144,1145,1146,1147,1148,1149,1150,1151,1152,1153,1154,1155,1156,1157
joplin:Scott Joplin's Piano Rags:23,263,275,335,345,352,441,463,465,467
kv487:Mozart's Twelve Duets for Horn (KV 487):390,391,392,393,394,395,396,397,398,399,400,401
lancers:The Lancer's Quadrilles:677,678,679,680,681,682
mozstrq:Mozart's String Quartets (Opus 10):245,273,274,277,278,279
mozmagf:Mozart's "The Magic Flute":248,249,259,260,251,266,253,252
sorop1:Sor's Divertissements pour la guitare (Opus 1):413,452,453,454,455,456,457,458
sorop2:Sor's Six Divertissements pour la guitare (Opus 2):513,514,515,243,590,591
